Constant Name   Base Length     Height          Calculated Pi        Pi Difference        Calculated GR        GR Difference       
π               809.4000        515.2800        3.1415929204         0.0000002668         1.6189931016         0.0009591128        
π               823.6000        524.3200        3.1415929204         0.0000002668         1.6189931016         0.0009591128        
π               795.2000        506.2400        3.1415929204         0.0000002668         1.6189931016         0.0009591128        
π               837.8000        533.3600        3.1415929204         0.0000002668         1.6189931016         0.0009591128        
π               852.0000        542.4000        3.1415929204         0.0000002668         1.6189931016         0.0009591128        
π               866.2000        551.4400        3.1415929204         0.0000002668         1.6189931016         0.0009591128        
π               781.0000        497.2000        3.1415929204         0.0000002668         1.6189931016         0.0009591128        
π               880.4000        560.4800        3.1415929204         0.0000002668         1.6189931016         0.0009591128        
π               894.6000        569.5200        3.1415929204         0.0000002668         1.6189931016         0.0009591128        
π               908.8000        578.5600        3.1415929204         0.0000002668         1.6189931016         0.0009591128        
π               766.8000        488.1600        3.1415929204         0.0000002668         1.6189931016         0.0009591128        
π               923.0000        587.6000        3.1415929204         0.0000002668         1.6189931016         0.0009591128        
π               937.2000        596.6400        3.1415929204         0.0000002668         1.6189931016         0.0009591128        
π               951.4000        605.6800        3.1415929204         0.0000002668         1.6189931016         0.0009591128        
π               965.6000        614.7200        3.1415929204         0.0000002668         1.6189931016         0.0009591128        
π               752.6000        479.1200        3.1415929204         0.0000002668         1.6189931016         0.0009591128        
π               979.8000        623.7600        3.1415929204         0.0000002668         1.6189931016         0.0009591128        
π               994.0000        632.8000        3.1415929204         0.0000002668         1.6189931016         0.0009591128        
π               738.4000        470.0800        3.1415929204         0.0000002668         1.6189931016         0.0009591128        
π               724.2000        461.0400        3.1415929204         0.0000002668         1.6189931016         0.0009591128        
π               710.0000        452.0000        3.1415929204         0.0000002668         1.6189931016         0.0009591128        
π               695.8000        442.9600        3.1415929204         0.0000002668         1.6189931016         0.0009591128        
π               681.6000        433.9200        3.1415929204         0.0000002668         1.6189931016         0.0009591128        
π               667.4000        424.8800        3.1415929204         0.0000002668         1.6189931016         0.0009591128        
π               653.2000        415.8400        3.1415929204         0.0000002668         1.6189931016         0.0009591128        
π               639.0000        406.8000        3.1415929204         0.0000002668         1.6189931016         0.0009591128        
π               624.8000        397.7600        3.1415929204         0.0000002668         1.6189931016         0.0009591128        
π               610.6000        388.7200        3.1415929204         0.0000002668         1.6189931016         0.0009591128        
π               198.8000        126.5600        3.1415929204         0.0000002668         1.6189931016         0.0009591128        
π               213.0000        135.6000        3.1415929204         0.0000002668         1.6189931016         0.0009591128        
π               227.2000        144.6400        3.1415929204         0.0000002668         1.6189931016         0.0009591128        
π               241.4000        153.6800        3.1415929204         0.0000002668         1.6189931016         0.0009591128        
π               255.6000        162.7200        3.1415929204         0.0000002668         1.6189931016         0.0009591128        
π               184.6000        117.5200        3.1415929204         0.0000002668         1.6189931016         0.0009591128        
π               596.4000        379.6800        3.1415929204         0.0000002668         1.6189931016         0.0009591128        
π               170.4000        108.4800        3.1415929204         0.0000002668         1.6189931016         0.0009591128        
π               269.8000        171.7600        3.1415929204         0.0000002668         1.6189931016         0.0009591128        
π               582.2000        370.6400        3.1415929204         0.0000002668         1.6189931016         0.0009591128        
π               156.2000        99.4400         3.1415929204         0.0000002668         1.6189931016         0.0009591128        
π               284.0000        180.8000        3.1415929204         0.0000002668         1.6189931016         0.0009591128        
π               568.0000        361.6000        3.1415929204         0.0000002668         1.6189931016         0.0009591128        
π               142.0000        90.4000         3.1415929204         0.0000002668         1.6189931016         0.0009591128        
π               298.2000        189.8400        3.1415929204         0.0000002668         1.6189931016         0.0009591128        
π               553.8000        352.5600        3.1415929204         0.0000002668         1.6189931016         0.0009591128        
π               312.4000        198.8800        3.1415929204         0.0000002668         1.6189931016         0.0009591128        
π               539.6000        343.5200        3.1415929204         0.0000002668         1.6189931016         0.0009591128        
π               326.6000        207.9200        3.1415929204         0.0000002668         1.6189931016         0.0009591128        
π               340.8000        216.9600        3.1415929204         0.0000002668         1.6189931016         0.0009591128        
π               525.4000        334.4800        3.1415929204         0.0000002668         1.6189931016         0.0009591128        
π               355.0000        226.0000        3.1415929204         0.0000002668         1.6189931016         0.0009591128        
π               511.2000        325.4400        3.1415929204         0.0000002668         1.6189931016         0.0009591128        
π               369.2000        235.0400        3.1415929204         0.0000002668         1.6189931016         0.0009591128        
π               497.0000        316.4000        3.1415929204         0.0000002668         1.6189931016         0.0009591128        
π               482.8000        307.3600        3.1415929204         0.0000002668         1.6189931016         0.0009591128        
π               468.6000        298.3200        3.1415929204         0.0000002668         1.6189931016         0.0009591128        
π               454.4000        289.2800        3.1415929204         0.0000002668         1.6189931016         0.0009591128        
π               383.4000        244.0800        3.1415929204         0.0000002668         1.6189931016         0.0009591128        
π               440.2000        280.2400        3.1415929204         0.0000002668         1.6189931016         0.0009591128        
π               426.0000        271.2000        3.1415929204         0.0000002668         1.6189931016         0.0009591128        
π               397.6000        253.1200        3.1415929204         0.0000002668         1.6189931016         0.0009591128        
π               411.8000        262.1600        3.1415929204         0.0000002668         1.6189931016         0.0009591128   
π               756.0400        481.3100        3.1415927365         0.0000000829         1.6189931602         0.0009591714        
π               755.9300        481.2400        3.1415925526         0.0000001010         1.6189932188         0.0009592301        
π               756.1500        481.3800        3.1415929204         0.0000002668         1.6189931016         0.0009591128        
π               755.8200        481.1700        3.1415923686         0.0000002850         1.6189932774         0.0009592887        
π               756.2600        481.4500        3.1415931042         0.0000004506         1.6189930430         0.0009590542        
π               755.7100        481.1000        3.1415921846         0.0000004690         1.6189933361         0.0009593473        
π               756.3700        481.5200        3.1415932879         0.0000006343         1.6189929844         0.0009589957        
π               755.6000        481.0300        3.1415920005         0.0000006531         1.6189933948         0.0009594060        
π               756.4800        481.5900        3.1415934716         0.0000008180         1.6189929259         0.0009589371        
π               755.4900        480.9600        3.1415918164         0.0000008372         1.6189934535         0.0009594647 
gr   863.3200        549.0800        3.1446055220         0.0030128684         1.6180339853         0.0000000035
gr   668.0400        424.8800        3.1446055357         0.0030128821         1.6180339809         0.0000000078      
gr   781.1200        496.8000        3.1446054750         0.0030128214         1.6180340002         0.0000000114        
gr   976.4000        621.0000        3.1446054750         0.0030128214         1.6180340002         0.0000000114        
gr   195.2800        124.2000        3.1446054750         0.0030128215         1.6180340002         0.0000000114        
gr   585.8400        372.6000        3.1446054750         0.0030128215         1.6180340002         0.0000000114        
gr   390.5600        248.4000        3.1446054750         0.0030128215         1.6180340002         0.0000000114 
gr   863.3200        549.0800        3.1446055220         0.0030128684         1.6180339853         0.0000000035
gr   668.0400        424.8800        3.1446055357         0.0030128821         1.6180339809         0.0000000078
gr   623.2400        394.8000        3.1572441743         0.0156515207         1.6140339887         0.0040000000
gr   904.6400        575.3600        3.1446051168         0.0030124632         1.6180341141         0.0000001254        
gr   678.4800        431.5200        3.1446051168         0.0030124632         1.6180341141         0.0000001254        
gr   226.1600        143.8400        3.1446051168         0.0030124632         1.6180341141         0.0000001254        
gr   565.4000        359.6000        3.1446051168         0.0030124632         1.6180341141         0.0000001254        
gr   339.2400        215.7600        3.1446051168         0.0030124632         1.6180341141         0.0000001254        
gr   452.3200        287.6800        3.1446051168         0.0030124632         1.6180341141         0.0000001254 
gr   0.0676          0.0430          3.1451571625         0.0035645089         1.6178585975         0.0001753912
gr   529.3000        336.6400        3.1446055133         0.0030128597         1.6180339880         0.0000000007
gr   773.4000        491.8900        3.1446055012         0.0030128476         1.6180339919         0.0000000031
gr   814.5000        518.0300        3.1446055248         0.0030128712         1.6180339844         0.0000000044
gr   285.2000        181.3900        3.1446055461         0.0030128925         1.6180339776         0.0000000111        
gr   570.4000        362.7800        3.1446055461         0.0030128925         1.6180339776         0.0000000111        
gr   855.6000        544.1700        3.1446055461         0.0030128925         1.6180339776         0.0000000111 
gr    0.0676          0.0430          3.1451571625         0.0035645089         1.6178585975         0.0001753912 