Golden Ratio    904.6400        575.3600        3.1446051168         0.0030124632         1.6180341141         0.0000001254        
Golden Ratio    678.4800        431.5200        3.1446051168         0.0030124632         1.6180341141         0.0000001254        
Golden Ratio    226.1600        143.8400        3.1446051168         0.0030124632         1.6180341141         0.0000001254        
Golden Ratio    565.4000        359.6000        3.1446051168         0.0030124632         1.6180341141         0.0000001254        
Golden Ratio    339.2400        215.7600        3.1446051168         0.0030124632         1.6180341141         0.0000001254        
Golden Ratio    452.3200        287.6800        3.1446051168         0.0030124632         1.6180341141         0.0000001254        
Golden Ratio    553.5200        352.7200        3.1385801769         0.0030124767         1.6199544561         0.0019204673        
Golden Ratio    276.7600        176.3600        3.1385801769         0.0030124767         1.6199544561         0.0019204673        
Golden Ratio    830.2800        529.0800        3.1385801769         0.0030124767         1.6199544561         0.0019204673        
Golden Ratio    977.0400        622.6000        3.1385801478         0.0030125058         1.6199544654         0.0019204766        
Golden Ratio    700.2800        446.2400        3.1385801362         0.0030125173         1.6199544691         0.0019204803        
Golden Ratio    986.8400        627.6400        3.1446051877         0.0030125341         1.6180340916         0.0000001028        
Golden Ratio    873.7600        555.7200        3.1446051969         0.0030125433         1.6180340887         0.0000000999        
Golden Ratio    423.5200        269.8800        3.1385801097         0.0030125439         1.6199544775         0.0019204888        
Golden Ratio    847.0400        539.7600        3.1385801097         0.0030125439         1.6199544775         0.0019204888        
Golden Ratio    760.6800        483.8000        3.1446052088         0.0030125552         1.6180340849         0.0000000961        
Golden Ratio    993.8000        633.2800        3.1385800910         0.0030125626         1.6199544835         0.0019204948        
Golden Ratio    647.6000        411.8800        3.1446052248         0.0030125712         1.6180340798         0.0000000910        
Golden Ratio    570.2800        363.4000        3.1385800771         0.0030125765         1.6199544880         0.0019204992        
Golden Ratio    534.5200        339.9600        3.1446052477         0.0030125941         1.6180340725         0.0000000837        
Golden Ratio    717.0400        456.9200        3.1385800578         0.0030125958         1.6199544941         0.0019205054        
Golden Ratio    863.8000        550.4400        3.1385800451         0.0030126085         1.6199544982         0.0019205094        
Golden Ratio    955.9600        608.0000        3.1446052632         0.0030126096         1.6180340676         0.0000000788        
Golden Ratio    842.8800        536.0800        3.1446052828         0.0030126292         1.6180340613         0.0000000726        
Golden Ratio    421.4400        268.0400        3.1446052828         0.0030126292         1.6180340613         0.0000000726        
Golden Ratio    729.8000        464.1600        3.1446053085         0.0030126549         1.6180340532         0.0000000644        
Golden Ratio    440.2800        280.5600        3.1385799829         0.0030126707         1.6199545180         0.0019205293        
Golden Ratio    293.5200        187.0400        3.1385799829         0.0030126707         1.6199545180         0.0019205293        
Golden Ratio    146.7600        93.5200         3.1385799829         0.0030126707         1.6199545180         0.0019205293        
Golden Ratio    587.0400        374.0800        3.1385799829         0.0030126707         1.6199545180         0.0019205293        
Golden Ratio    733.8000        467.6000        3.1385799829         0.0030126707         1.6199545180         0.0019205293        
Golden Ratio    880.5600        561.1200        3.1385799829         0.0030126707         1.6199545180         0.0019205293        
Golden Ratio    925.0800        588.3600        3.1446053437         0.0030126901         1.6180340420         0.0000000532        
Golden Ratio    616.7200        392.2400        3.1446053437         0.0030126901         1.6180340420         0.0000000532        
Golden Ratio    308.3600        196.1200        3.1446053437         0.0030126901         1.6180340420         0.0000000532        
Golden Ratio    812.0000        516.4400        3.1446053753         0.0030127217         1.6180340319         0.0000000432        
Golden Ratio    897.3200        571.8000        3.1385799230         0.0030127305         1.6199545372         0.0019205484        
Golden Ratio    503.6400        320.3200        3.1446053946         0.0030127410         1.6180340258         0.0000000370        
Golden Ratio    750.5600        478.2800        3.1385799113         0.0030127422         1.6199545409         0.0019205522        
Golden Ratio    603.8000        384.7600        3.1385798940         0.0030127596         1.6199545465         0.0019205577        
Golden Ratio    698.9200        444.5200        3.1446054171         0.0030127635         1.6180340186         0.0000000299        
Golden Ratio    894.2000        568.7200        3.1446054297         0.0030127761         1.6180340146         0.0000000259        
Golden Ratio    457.0400        291.2400        3.1385798654         0.0030127882         1.6199545556         0.0019205668        
Golden Ratio    914.0800        582.4800        3.1385798654         0.0030127882         1.6199545556         0.0019205668        
Golden Ratio    767.3200        488.9600        3.1385798429         0.0030128107         1.6199545628         0.0019205740        
Golden Ratio    781.1200        496.8000        3.1446054750         0.0030128214         1.6180340002         0.0000000114        
Golden Ratio    976.4000        621.0000        3.1446054750         0.0030128214         1.6180340002         0.0000000114        
Golden Ratio    195.2800        124.2000        3.1446054750         0.0030128215         1.6180340002         0.0000000114        
Golden Ratio    585.8400        372.6000        3.1446054750         0.0030128215         1.6180340002         0.0000000114        
Golden Ratio    390.5600        248.4000        3.1446054750         0.0030128215         1.6180340002         0.0000000114        
Golden Ratio    310.2800        197.7200        3.1385798098         0.0030128438         1.6199545733         0.0019205846        
Golden Ratio    620.5600        395.4400        3.1385798098         0.0030128438         1.6199545733         0.0019205846        
Golden Ratio    930.8400        593.1600        3.1385798098         0.0030128438         1.6199545733         0.0019205846        
Golden Ratio    863.3200        549.0800        3.1446055220         0.0030128684         1.6180339853         0.0000000035        
Golden Ratio    784.0800        499.6400        3.1385797774         0.0030128762         1.6199545837         0.0019205949        
Golden Ratio    668.0400        424.8800        3.1446055357         0.0030128821         1.6180339809         0.0000000078        
Golden Ratio    473.8000        301.9200        3.1385797562         0.0030128974         1.6199545905         0.0019206017        
Golden Ratio    947.6000        603.8400        3.1385797562         0.0030128974         1.6199545905         0.0019206017        
Golden Ratio    945.5200        601.3600        3.1446055607         0.0030129071         1.6180339729         0.0000000158        
Golden Ratio    472.7600        300.6800        3.1446055607         0.0030129071         1.6180339729         0.0000000158        
Golden Ratio    637.3200        406.1200        3.1385797301         0.0030129235         1.6199545988         0.0019206100        
Golden Ratio    750.2400        477.1600        3.1446055830         0.0030129294         1.6180339659         0.0000000229        
Golden Ratio    800.8400        510.3200        3.1385797147         0.0030129389         1.6199546037         0.0019206150        
Golden Ratio    964.3600        614.5200        3.1385797045         0.0030129491         1.6199546070         0.0019206182        
Golden Ratio    832.4400        529.4400        3.1446056210         0.0030129674         1.6180339538         0.0000000350        
Golden Ratio    277.4800        176.4800        3.1446056210         0.0030129674         1.6180339538         0.0000000350        
Golden Ratio    554.9600        352.9600        3.1446056210         0.0030129674         1.6180339538         0.0000000350        
Golden Ratio    914.6400        581.7200        3.1446056522         0.0030129986         1.6180339439         0.0000000449        
Golden Ratio    490.5600        312.6000        3.1385796545         0.0030129991         1.6199546230         0.0019206342        
Golden Ratio    327.0400        208.4000        3.1385796545         0.0030129991         1.6199546230         0.0019206342        
Golden Ratio    163.5200        104.2000        3.1385796545         0.0030129991         1.6199546230         0.0019206342        
Golden Ratio    654.0800        416.8000        3.1385796545         0.0030129991         1.6199546230         0.0019206342        
Golden Ratio    981.1200        625.2000        3.1385796545         0.0030129991         1.6199546230         0.0019206342        
Golden Ratio    817.6000        521.0000        3.1385796545         0.0030129991         1.6199546230         0.0019206342        
Golden Ratio    637.1600        405.2400        3.1446056658         0.0030130122         1.6180339395         0.0000000492        
Golden Ratio    996.8400        634.0000        3.1446056782         0.0030130246         1.6180339356         0.0000000532        
Golden Ratio    719.3600        457.5200        3.1446057003         0.0030130467         1.6180339286         0.0000000602        
Golden Ratio    359.6800        228.7600        3.1446057003         0.0030130467         1.6180339286         0.0000000602        
Golden Ratio    997.8800        635.8800        3.1385796062         0.0030130474         1.6199546384         0.0019206496        
Golden Ratio    834.3600        531.6800        3.1385795967         0.0030130568         1.6199546414         0.0019206527        
Golden Ratio    670.8400        427.4800        3.1385795827         0.0030130709         1.6199546459         0.0019206572        
Golden Ratio    801.5600        509.8000        3.1446057277         0.0030130741         1.6180339198         0.0000000689        
Golden Ratio    507.3200        323.2800        3.1385795595         0.0030130941         1.6199546533         0.0019206645        
Golden Ratio    883.7600        562.0800        3.1446057501         0.0030130965         1.6180339127         0.0000000760        
Golden Ratio    441.8800        281.0400        3.1446057501         0.0030130965         1.6180339127         0.0000000760        
Golden Ratio    851.1200        542.3600        3.1385795413         0.0030131123         1.6199546591         0.0019206704        
Golden Ratio    965.9600        614.3600        3.1446057686         0.0030131150         1.6180339068         0.0000000819        
Golden Ratio    524.0800        333.3200        3.1446057842         0.0030131306         1.6180339019         0.0000000869        
Golden Ratio    343.8000        219.0800        3.1385795143         0.0030131393         1.6199546677         0.0019206790        
Golden Ratio    687.6000        438.1600        3.1385795143         0.0030131393         1.6199546677         0.0019206790        
Golden Ratio    606.2800        385.6000        3.1446058091         0.0030131555         1.6180338940         0.0000000948      


0.0000000


Golden Ratio    873.7600        555.7200        3.1446051969         0.0030125433         1.6180340887         0.0000000999
Golden Ratio    760.6800        483.8000        3.1446052088         0.0030125552         1.6180340849         0.0000000961
Golden Ratio    647.6000        411.8800        3.1446052248         0.0030125712         1.6180340798         0.0000000910
Golden Ratio    534.5200        339.9600        3.1446052477         0.0030125941         1.6180340725         0.0000000837
Golden Ratio    955.9600        608.0000        3.1446052632         0.0030126096         1.6180340676         0.0000000788
Golden Ratio    842.8800        536.0800        3.1446052828         0.0030126292         1.6180340613         0.0000000726
Golden Ratio    421.4400        268.0400        3.1446052828         0.0030126292         1.6180340613         0.0000000726
Golden Ratio    729.8000        464.1600        3.1446053085         0.0030126549         1.6180340532         0.0000000644
Golden Ratio    925.0800        588.3600        3.1446053437         0.0030126901         1.6180340420         0.0000000532
Golden Ratio    616.7200        392.2400        3.1446053437         0.0030126901         1.6180340420         0.0000000532
Golden Ratio    308.3600        196.1200        3.1446053437         0.0030126901         1.6180340420         0.0000000532
Golden Ratio    812.0000        516.4400        3.1446053753         0.0030127217         1.6180340319         0.0000000432
Golden Ratio    503.6400        320.3200        3.1446053946         0.0030127410         1.6180340258         0.0000000370
Golden Ratio    698.9200        444.5200        3.1446054171         0.0030127635         1.6180340186         0.0000000299
Golden Ratio    894.2000        568.7200        3.1446054297         0.0030127761         1.6180340146         0.0000000259
Golden Ratio    781.1200        496.8000        3.1446054750         0.0030128214         1.6180340002         0.0000000114
Golden Ratio    976.4000        621.0000        3.1446054750         0.0030128214         1.6180340002         0.0000000114
Golden Ratio    195.2800        124.2000        3.1446054750         0.0030128215         1.6180340002         0.0000000114
Golden Ratio    585.8400        372.6000        3.1446054750         0.0030128215         1.6180340002         0.0000000114
Golden Ratio    390.5600        248.4000        3.1446054750         0.0030128215         1.6180340002         0.0000000114
Golden Ratio    863.3200        549.0800        3.1446055220         0.0030128684         1.6180339853         0.0000000035
Golden Ratio    668.0400        424.8800        3.1446055357         0.0030128821         1.6180339809         0.0000000078
Golden Ratio    945.5200        601.3600        3.1446055607         0.0030129071         1.6180339729         0.0000000158
Golden Ratio    472.7600        300.6800        3.1446055607         0.0030129071         1.6180339729         0.0000000158
Golden Ratio    750.2400        477.1600        3.1446055830         0.0030129294         1.6180339659         0.0000000229
Golden Ratio    832.4400        529.4400        3.1446056210         0.0030129674         1.6180339538         0.0000000350
Golden Ratio    277.4800        176.4800        3.1446056210         0.0030129674         1.6180339538         0.0000000350
Golden Ratio    554.9600        352.9600        3.1446056210         0.0030129674         1.6180339538         0.0000000350
Golden Ratio    914.6400        581.7200        3.1446056522         0.0030129986         1.6180339439         0.0000000449
Golden Ratio    637.1600        405.2400        3.1446056658         0.0030130122         1.6180339395         0.0000000492
Golden Ratio    996.8400        634.0000        3.1446056782         0.0030130246         1.6180339356         0.0000000532
Golden Ratio    719.3600        457.5200        3.1446057003         0.0030130467         1.6180339286         0.0000000602
Golden Ratio    359.6800        228.7600        3.1446057003         0.0030130467         1.6180339286         0.0000000602
Golden Ratio    801.5600        509.8000        3.1446057277         0.0030130741         1.6180339198         0.0000000689
Golden Ratio    883.7600        562.0800        3.1446057501         0.0030130965         1.6180339127         0.0000000760
Golden Ratio    441.8800        281.0400        3.1446057501         0.0030130965         1.6180339127         0.0000000760
Golden Ratio    965.9600        614.3600        3.1446057686         0.0030131150         1.6180339068         0.0000000819
Golden Ratio    524.0800        333.3200        3.1446057842         0.0030131306         1.6180339019         0.0000000869
Golden Ratio    606.2800        385.6000        3.1446058091         0.0030131555         1.6180338940         0.0000000948
Golden Ratio    623.2400        394.8000        3.1572441743         0.0156515207         1.6140339887         0.0040000000
Golden Ratio    500.5600        315.4800        3.1733231901         0.0317305365         1.6090000000         0.0090339888


findstr /i "0.00000000" 90-1000_0_01.txt
Golden Ratio    863.3200        549.0800        3.1446055220         0.0030128684         1.6180339853         0.0000000035
Golden Ratio    668.0400        424.8800        3.1446055357         0.0030128821         1.6180339809         0.0000000078


Golden Ratio    0.0812          0.0517          3.1446051383         0.0030124847         1.6180341073         0.0000001185        
Golden Ratio    0.0529          0.0337          3.1446051498         0.0030124962         1.6180341036         0.0000001149        
Golden Ratio    0.0247          0.0157          3.1446051877         0.0030125341         1.6180340916         0.0000001028        
Golden Ratio    0.0990          0.0631          3.1385801050         0.0030125486         1.6199544790         0.0019204903        
Golden Ratio    0.0665          0.0424          3.1385799627         0.0030126909         1.6199545245         0.0019205357        
Golden Ratio    0.0298          0.0190          3.1385799378         0.0030127158         1.6199545325         0.0019205437        
Golden Ratio    0.0735          0.0467          3.1446053786         0.0030127250         1.6180340309         0.0000000421        
Golden Ratio    0.0940          0.0598          3.1446055073         0.0030128538         1.6180339899         0.0000000012        
Golden Ratio    0.0707          0.0450          3.1385797739         0.0030128797         1.6199545848         0.0019205961        
Golden Ratio    0.0452          0.0288          3.1446055422         0.0030128886         1.6180339788         0.0000000099        
Golden Ratio    0.0658          0.0418          3.1446056752         0.0030130216         1.6180339365         0.0000000522        
Golden Ratio    0.0748          0.0477          3.1385796062         0.0030130474         1.6199546384         0.0019206496     





Golden Ratio    4882.0000       3105.0000       3.1446054750         0.0030128215         1.6180340002         0.0000000114 

Constant Name   Base Length     Height          Calculated Pi        Pi Difference        Calculated GR        GR Difference       
π               1065.0000       678.0000        3.1415929204         0.0000002668         1.6189931016         0.0009591128        
π               1775.0000       1130.0000       3.1415929204         0.0000002668         1.6189931016         0.0009591128        
π               2130.0000       1356.0000       3.1415929204         0.0000002668         1.6189931016         0.0009591128        
π               3195.0000       2034.0000       3.1415929204         0.0000002668         1.6189931016         0.0009591128        
π               3550.0000       2260.0000       3.1415929204         0.0000002668         1.6189931016         0.0009591128        
π               4260.0000       2712.0000       3.1415929204         0.0000002668         1.6189931016         0.0009591128        
π               4615.0000       2938.0000       3.1415929204         0.0000002668         1.6189931016         0.0009591128        
π               355.0000        226.0000        3.1415929204         0.0000002668         1.6189931016         0.0009591128        
π               710.0000        452.0000        3.1415929204         0.0000002668         1.6189931016         0.0009591128        
π               1420.0000       904.0000        3.1415929204         0.0000002668         1.6189931016         0.0009591128        
π               2485.0000       1582.0000       3.1415929204         0.0000002668         1.6189931016         0.0009591128        
π               2840.0000       1808.0000       3.1415929204         0.0000002668         1.6189931016         0.0009591128        
π               3905.0000       2486.0000       3.1415929204         0.0000002668         1.6189931016         0.0009591128        
π               4970.0000       3164.0000       3.1415929204         0.0000002668         1.6189931016         0.0009591128 


    
Golden Ratio    772.0000        491.0000        3.1446028513         0.0030101977         1.6180348346         0.0000008458        
Golden Ratio    1544.0000       982.0000        3.1446028513         0.0030101977         1.6180348346         0.0000008458        
Golden Ratio    3088.0000       1964.0000       3.1446028513         0.0030101977         1.6180348346         0.0000008458        
Golden Ratio    3860.0000       2455.0000       3.1446028513         0.0030101977         1.6180348346         0.0000008458        
Golden Ratio    2316.0000       1473.0000       3.1446028513         0.0030101977         1.6180348346         0.0000008458        
Golden Ratio    4632.0000       2946.0000       3.1446028513         0.0030101977         1.6180348346         0.0000008458        
Golden Ratio    4405.0000       2807.0000       3.1385821161         0.0030105375         1.6199538366         0.0019198478        
Golden Ratio    2412.0000       1537.0000       3.1385816526         0.0030110010         1.6199539846         0.0019199959        
Golden Ratio    4824.0000       3074.0000       3.1385816526         0.0030110010         1.6199539846         0.0019199959        
Golden Ratio    4371.0000       2780.0000       3.1446043165         0.0030116630         1.6180343686         0.0000003799        
Golden Ratio    2831.0000       1804.0000       3.1385809313         0.0030117223         1.6199542151         0.0019202263        
Golden Ratio    3599.0000       2289.0000       3.1446046308         0.0030119773         1.6180342687         0.0000002799        
Golden Ratio    3250.0000       2071.0000       3.1385803959         0.0030122576         1.6199543861         0.0019203973        
Golden Ratio    2827.0000       1798.0000       3.1446051168         0.0030124632         1.6180341141         0.0000001254        
Golden Ratio    3669.0000       2338.0000       3.1385799829         0.0030126707         1.6199545180         0.0019205293        
Golden Ratio    4882.0000       3105.0000       3.1446054750         0.0030128215         1.6180340002         0.0000000114        
Golden Ratio    4088.0000       2605.0000       3.1385796545         0.0030129991         1.6199546230         0.0019206342        
Golden Ratio    4507.0000       2872.0000       3.1385793872         0.0030132664         1.6199547084         0.0019207196        
Golden Ratio    2055.0000       1307.0000       3.1446059679         0.0030133143         1.6180338435         0.0000001453        
Golden Ratio    4110.0000       2614.0000       3.1446059679         0.0030133143         1.6180338435         0.0000001453        
Golden Ratio    4926.0000       3139.0000       3.1385791653         0.0030134883         1.6199547792         0.0019207905        
Golden Ratio    3338.0000       2123.0000       3.1446066886         0.0030140351         1.6180336143         0.0000003745        
Golden Ratio    4621.0000       2939.0000       3.1446070092         0.0030143556         1.6180335123         0.0000004764        
Golden Ratio    1283.0000       816.0000        3.1446078431         0.0030151895         1.6180332471         0.0000007416        
Golden Ratio    2566.0000       1632.0000       3.1446078431         0.0030151895         1.6180332471         0.0000007416        
Golden Ratio    3849.0000       2448.0000       3.1446078431         0.0030151895         1.6180332471         0.0000007416    




        
Golden Ratio    986.8400        627.6400        3.1446051877         0.0030125341         1.6180340916         0.0000001028        
Golden Ratio    873.7600        555.7200        3.1446051969         0.0030125433         1.6180340887         0.0000000999        
Golden Ratio    423.5200        269.8800        3.1385801097         0.0030125439         1.6199544775         0.0019204888        
Golden Ratio    847.0400        539.7600        3.1385801097         0.0030125439         1.6199544775         0.0019204888        
Golden Ratio    760.6800        483.8000        3.1446052088         0.0030125552         1.6180340849         0.0000000961        
Golden Ratio    993.8000        633.2800        3.1385800910         0.0030125626         1.6199544835         0.0019204948        
Golden Ratio    647.6000        411.8800        3.1446052248         0.0030125712         1.6180340798         0.0000000910        
Golden Ratio    570.2800        363.4000        3.1385800771         0.0030125765         1.6199544880         0.0019204992        
Golden Ratio    534.5200        339.9600        3.1446052477         0.0030125941         1.6180340725         0.0000000837        
Golden Ratio    717.0400        456.9200        3.1385800578         0.0030125958         1.6199544941         0.0019205054        
Golden Ratio    863.8000        550.4400        3.1385800451         0.0030126085         1.6199544982         0.0019205094
Golden Ratio    955.9600        608.0000        3.1446052632         0.0030126096         1.6180340676         0.0000000788        
Golden Ratio    842.8800        536.0800        3.1446052828         0.0030126292         1.6180340613         0.0000000726        
Golden Ratio    421.4400        268.0400        3.1446052828         0.0030126292         1.6180340613         0.0000000726        
Golden Ratio    729.8000        464.1600        3.1446053085         0.0030126549         1.6180340532         0.0000000644        
Golden Ratio    440.2800        280.5600        3.1385799829         0.0030126707         1.6199545180         0.0019205293        
Golden Ratio    293.5200        187.0400        3.1385799829         0.0030126707         1.6199545180         0.0019205293        
Golden Ratio    146.7600        93.5200         3.1385799829         0.0030126707         1.6199545180         0.0019205293        
Golden Ratio    587.0400        374.0800        3.1385799829         0.0030126707         1.6199545180         0.0019205293        
Golden Ratio    733.8000        467.6000        3.1385799829         0.0030126707         1.6199545180         0.0019205293        
Golden Ratio    880.5600        561.1200        3.1385799829         0.0030126707         1.6199545180         0.0019205293        
Golden Ratio    925.0800        588.3600        3.1446053437         0.0030126901         1.6180340420         0.0000000532        
Golden Ratio    616.7200        392.2400        3.1446053437         0.0030126901         1.6180340420         0.0000000532        
Golden Ratio    308.3600        196.1200        3.1446053437         0.0030126901         1.6180340420         0.0000000532        
Golden Ratio    812.0000        516.4400        3.1446053753         0.0030127217         1.6180340319         0.0000000432        
Golden Ratio    897.3200        571.8000        3.1385799230         0.0030127305         1.6199545372         0.0019205484        
Golden Ratio    503.6400        320.3200        3.1446053946         0.0030127410         1.6180340258         0.0000000370        
Golden Ratio    750.5600        478.2800        3.1385799113         0.0030127422         1.6199545409         0.0019205522        
Golden Ratio    603.8000        384.7600        3.1385798940         0.0030127596         1.6199545465         0.0019205577        
Golden Ratio    698.9200        444.5200        3.1446054171         0.0030127635         1.6180340186         0.0000000299        
Golden Ratio    894.2000        568.7200        3.1446054297         0.0030127761         1.6180340146         0.0000000259        
Golden Ratio    457.0400        291.2400        3.1385798654         0.0030127882         1.6199545556         0.0019205668        
Golden Ratio    914.0800        582.4800        3.1385798654         0.0030127882         1.6199545556         0.0019205668        
Golden Ratio    767.3200        488.9600        3.1385798429         0.0030128107         1.6199545628         0.0019205740        
Golden Ratio    781.1200        496.8000        3.1446054750         0.0030128214         1.6180340002         0.0000000114        
Golden Ratio    976.4000        621.0000        3.1446054750         0.0030128214         1.6180340002         0.0000000114        
Golden Ratio    195.2800        124.2000        3.1446054750         0.0030128215         1.6180340002         0.0000000114        
Golden Ratio    585.8400        372.6000        3.1446054750         0.0030128215         1.6180340002         0.0000000114        
Golden Ratio    390.5600        248.4000        3.1446054750         0.0030128215         1.6180340002         0.0000000114        
Golden Ratio    310.2800        197.7200        3.1385798098         0.0030128438         1.6199545733         0.0019205846        
Golden Ratio    620.5600        395.4400        3.1385798098         0.0030128438         1.6199545733         0.0019205846        
Golden Ratio    930.8400        593.1600        3.1385798098         0.0030128438         1.6199545733         0.0019205846        
Golden Ratio    863.3200        549.0800        3.1446055220         0.0030128684         1.6180339853         0.0000000035        
Golden Ratio    784.0800        499.6400        3.1385797774         0.0030128762         1.6199545837         0.0019205949        
Golden Ratio    668.0400        424.8800        3.1446055357         0.0030128821         1.6180339809         0.0000000078        
Golden Ratio    473.8000        301.9200        3.1385797562         0.0030128974         1.6199545905         0.0019206017        
Golden Ratio    947.6000        603.8400        3.1385797562         0.0030128974         1.6199545905         0.0019206017        
Golden Ratio    945.5200        601.3600        3.1446055607         0.0030129071         1.6180339729         0.0000000158        
Golden Ratio    472.7600        300.6800        3.1446055607         0.0030129071         1.6180339729         0.0000000158        
Golden Ratio    637.3200        406.1200        3.1385797301         0.0030129235         1.6199545988         0.0019206100        
Golden Ratio    750.2400        477.1600        3.1446055830         0.0030129294         1.6180339659         0.0000000229        
Golden Ratio    800.8400        510.3200        3.1385797147         0.0030129389         1.6199546037         0.0019206150        
Golden Ratio    964.3600        614.5200        3.1385797045         0.0030129491         1.6199546070         0.0019206182        
Golden Ratio    832.4400        529.4400        3.1446056210         0.0030129674         1.6180339538         0.0000000350        
Golden Ratio    277.4800        176.4800        3.1446056210         0.0030129674         1.6180339538         0.0000000350        
Golden Ratio    554.9600        352.9600        3.1446056210         0.0030129674         1.6180339538         0.0000000350        
Golden Ratio    914.6400        581.7200        3.1446056522         0.0030129986         1.6180339439         0.0000000449        
Golden Ratio    490.5600        312.6000        3.1385796545         0.0030129991         1.6199546230         0.0019206342        
Golden Ratio    327.0400        208.4000        3.1385796545         0.0030129991         1.6199546230         0.0019206342        
Golden Ratio    163.5200        104.2000        3.1385796545         0.0030129991         1.6199546230         0.0019206342        
Golden Ratio    654.0800        416.8000        3.1385796545         0.0030129991         1.6199546230         0.0019206342        
Golden Ratio    981.1200        625.2000        3.1385796545         0.0030129991         1.6199546230         0.0019206342        
Golden Ratio    817.6000        521.0000        3.1385796545         0.0030129991         1.6199546230         0.0019206342        
Golden Ratio    637.1600        405.2400        3.1446056658         0.0030130122         1.6180339395         0.0000000492        
Golden Ratio    996.8400        634.0000        3.1446056782         0.0030130246         1.6180339356         0.0000000532        
Golden Ratio    719.3600        457.5200        3.1446057003         0.0030130467         1.6180339286         0.0000000602        
Golden Ratio    359.6800        228.7600        3.1446057003         0.0030130467         1.6180339286         0.0000000602        
Golden Ratio    997.8800        635.8800        3.1385796062         0.0030130474         1.6199546384         0.0019206496        
Golden Ratio    834.3600        531.6800        3.1385795967         0.0030130568         1.6199546414         0.0019206527        
Golden Ratio    670.8400        427.4800        3.1385795827         0.0030130709         1.6199546459         0.0019206572        
Golden Ratio    801.5600        509.8000        3.1446057277         0.0030130741         1.6180339198         0.0000000689        
Golden Ratio    507.3200        323.2800        3.1385795595         0.0030130941         1.6199546533         0.0019206645        
Golden Ratio    883.7600        562.0800        3.1446057501         0.0030130965         1.6180339127         0.0000000760        
Golden Ratio    441.8800        281.0400        3.1446057501         0.0030130965         1.6180339127         0.0000000760        
Golden Ratio    851.1200        542.3600        3.1385795413         0.0030131123         1.6199546591         0.0019206704        
Golden Ratio    965.9600        614.3600        3.1446057686         0.0030131150         1.6180339068         0.0000000819        
Golden Ratio    524.0800        333.3200        3.1446057842         0.0030131306         1.6180339019         0.0000000869        
Golden Ratio    343.8000        219.0800        3.1385795143         0.0030131393         1.6199546677         0.0019206790        
Golden Ratio    687.6000        438.1600        3.1385795143         0.0030131393         1.6199546677         0.0019206790        
Golden Ratio    606.2800        385.6000        3.1446058091         0.0030131555         1.6180338940         0.0000000948  


        
Golden Ratio    863.3200        549.0800        3.1446055220         0.0030128684         1.6180339853         0.0000000035        
Golden Ratio    784.0800        499.6400        3.1385797774         0.0030128762         1.6199545837         0.0019205949        
Golden Ratio    668.0400        424.8800        3.1446055357         0.0030128821         1.6180339809         0.0000000078        
Golden Ratio    473.8000        301.9200        3.1385797562         0.0030128974         1.6199545905         0.0019206017          