Top 5 matches found:
Height (ft) | Base (ft) | Actual Difference
---------------------------------------------
    282.90 |   444.80 | 0.00001000
    284.56 |   447.41 | 0.00001000
    281.24 |   442.19 | 0.00001001
    285.75 |   449.29 | 0.00000999
    280.91 |   441.68 | 0.00001004



Top 5 Pi Crossings:
     base_length      height   pivalue  difference_from_pi
382   959.595960  611.111111  3.140496            0.001097
323   904.040404  575.757576  3.140351            0.001242
269   848.484848  540.404040  3.140187            0.001406
216   792.929293  505.050505  3.140000            0.001593
167   737.373737  469.696970  3.139785            0.001808

Top 5 Golden Ratio Crossings:
     base_length      height  goldenratio  difference_from_golden_ratio
10    505.050505  321.212121     1.618019                      0.000015
113   560.606061  356.565657     1.618075                      0.000041
227   616.161616  391.919192     1.618122                      0.000088
353   671.717172  427.272727     1.618160                      0.000126
489   727.272727  462.626263     1.618193                      0.000159


              753.0400        479.4000        3.1415936587         0.0000010051         1.6189928662         0.0009588775
              865.3200        550.8800        3.1415916352         0.0000010184         1.6189935112         0.0009595224
              738.8400        470.3600        3.1415936729         0.0000010193         1.6189928617         0.0009588730
              724.6400        461.3200        3.1415936877         0.0000010341         1.6189928570         0.0009588683
              425.5600        270.9200        3.1415916138         0.0000010398         1.6189935180         0.0009595293
              851.1200        541.8400        3.1415916138         0.0000010398         1.6189935180         0.0009595293
              710.4400        452.2800        3.1415937030         0.0000010494         1.6189928521         0.0009588634
              836.9200        532.8000        3.1415915916         0.0000010620         1.6189935251         0.0009595363
              696.2400        443.2400        3.1415937190         0.0000010654         1.6189928470         0.0009588583
              682.0400        434.2000        3.1415937356         0.0000010820         1.6189928417         0.0009588530
              411.3600        261.8800        3.1415915687         0.0000010849         1.6189935324         0.0009595437
              822.7200        523.7600        3.1415915687         0.0000010849         1.6189935324         0.0009595437
              667.8400        425.1600        3.1415937529         0.0000010993         1.6189928362         0.0009588475
              808.5200        514.7200        3.1415915449         0.0000011087         1.6189935400         0.0009595512
              653.6400        416.1200        3.1415937710         0.0000011174         1.6189928304         0.0009588417
              397.1600        252.8400        3.1415915203         0.0000011333         1.6189935478         0.0009595591
              794.3200        505.6800        3.1415915203         0.0000011333         1.6189935478         0.0009595591
              639.4400        407.0800        3.1415937899         0.0000011363         1.6189928244         0.0009588357
              625.2400        398.0400        3.1415938097         0.0000011561         1.6189928181         0.0009588294
              780.1200        496.6400        3.1415914948         0.0000011587         1.6189935559         0.0009595672
              611.0400        389.0000        3.1415938303         0.0000011767         1.6189928115         0.0009588228
              382.9600        243.8000        3.1415914684         0.0000011852         1.6189935644         0.0009595756
              765.9200        487.6000        3.1415914684         0.0000011852         1.6189935644         0.0009595756
              596.8400        379.9600        3.1415938520         0.0000011984         1.6189928046         0.0009588159
              751.7200        478.5600        3.1415914410         0.0000012126         1.6189935731         0.0009595844
              582.6400        370.9200        3.1415938747         0.0000012211         1.6189927974         0.0009588087
              368.7600        234.7600        3.1415914125         0.0000012411         1.6189935822         0.0009595934
              737.5200        469.5200        3.1415914125         0.0000012411         1.6189935822         0.0009595934
              568.4400        361.8800        3.1415938985         0.0000012449         1.6189927898         0.0009588011
              554.2400        352.8400        3.1415939236         0.0000012700         1.6189927818         0.0009587931
              723.3200        460.4800        3.1415913829         0.0000012707         1.6189935916         0.0009596029
              540.0400        343.8000        3.1415939500         0.0000012964         1.6189927734         0.0009587847
              354.5600        225.7200        3.1415913521         0.0000013015         1.6189936014         0.0009596127
              709.1200        451.4400        3.1415913521         0.0000013015         1.6189936014         0.0009596127
              525.8400        334.7600        3.1415939778         0.0000013242         1.6189927645         0.0009587758
              694.9200        442.4000        3.1415913201         0.0000013335         1.6189936116         0.0009596229
              511.6400        325.7200        3.1415940071         0.0000013535         1.6189927552         0.0009587664
              340.3600        216.6800        3.1415912867         0.0000013669         1.6189936223         0.0009596335
              680.7200        433.3600        3.1415912867         0.0000013669         1.6189936223         0.0009596335
              994.8800        633.3600        3.1415940381         0.0000013846         1.6189927453         0.0009587566
              497.4400        316.6800        3.1415940381         0.0000013846         1.6189927453         0.0009587566
              980.6800        624.3200        3.1415940543         0.0000014007         1.6189927401         0.0009587514
              666.5200        424.3200        3.1415912519         0.0000014017         1.6189936334         0.0009596446
              992.6800        631.9600        3.1415912400         0.0000014136         1.6189936372         0.0009596484
              966.4800        615.2800        3.1415940710         0.0000014174         1.6189927348         0.0009587461
              483.2400        307.6400        3.1415940710         0.0000014174         1.6189927348         0.0009587461
              952.2800        606.2400        3.1415940881         0.0000014346         1.6189927294         0.0009587406
              326.1600        207.6400        3.1415912156         0.0000014380         1.6189936450         0.0009596562
              652.3200        415.2800        3.1415912156         0.0000014380         1.6189936450         0.0009596562
              978.4800        622.9200        3.1415912156         0.0000014380         1.6189936450         0.0009596562
              938.0800        597.2000        3.1415941058         0.0000014522         1.6189927237         0.0009587350
              469.0400        298.6000        3.1415941058         0.0000014522         1.6189927237         0.0009587350
              964.2800        613.8800        3.1415911905         0.0000014631         1.6189936530         0.0009596642
              923.8800        588.1600        3.1415941240         0.0000014705         1.6189927179         0.0009587292
              638.1200        406.2400        3.1415911776         0.0000014760         1.6189936570         0.0009596683
              950.0800        604.8400        3.1415911646         0.0000014890         1.6189936612         0.0009596724
              909.6800        579.1200        3.1415941428         0.0000014892         1.6189927119         0.0009587232
              454.8400        289.5600        3.1415941428         0.0000014892         1.6189927119         0.0009587232
              895.4800        570.0800        3.1415941622         0.0000015086         1.6189927058         0.0009587170
              311.9600        198.6000        3.1415911380         0.0000015156         1.6189936697         0.0009596809
              623.9200        397.2000        3.1415911380         0.0000015156         1.6189936697         0.0009596809
              935.8800        595.8000        3.1415911380         0.0000015156         1.6189936697         0.0009596809
              881.2800        561.0400        3.1415941822         0.0000015286         1.6189926994         0.0009587106
              440.6400        280.5200        3.1415941822         0.0000015286         1.6189926994         0.0009587106
              921.6800        586.7600        3.1415911105         0.0000015431         1.6189936784         0.0009596897
              867.0800        552.0000        3.1415942029         0.0000015493         1.6189926928         0.0009587040
              609.7200        388.1600        3.1415910965         0.0000015571         1.6189936829         0.0009596942
              852.8800        542.9600        3.1415942243         0.0000015707         1.6189926860         0.0009586972
              426.4400        271.4800        3.1415942243         0.0000015707         1.6189926860         0.0009586972
              907.4800        577.7200        3.1415910822         0.0000015714         1.6189936875         0.0009596987
              838.6800        533.9200        3.1415942463         0.0000015927         1.6189926790         0.0009586902
              297.7600        189.5600        3.1415910530         0.0000016006         1.6189936968         0.0009597080
              595.5200        379.1200        3.1415910530         0.0000016006         1.6189936968         0.0009597080
              893.2800        568.6800        3.1415910530         0.0000016006         1.6189936968         0.0009597080
              824.4800        524.8800        3.1415942692         0.0000016156         1.6189926717         0.0009586829
              412.2400        262.4400        3.1415942692         0.0000016156         1.6189926717         0.0009586829
              879.0800        559.6400        3.1415910228         0.0000016308         1.6189937064         0.0009597176
              810.2800        515.8400        3.1415942928         0.0000016392         1.6189926641         0.0009586754
              581.3200        370.0800        3.1415910073         0.0000016462         1.6189937113         0.0009597226
              864.8800        550.6000        3.1415909916         0.0000016619         1.6189937163         0.0009597276
              796.0800        506.8000        3.1415943173         0.0000016637         1.6189926563         0.0009586676
              398.0400        253.4000        3.1415943173         0.0000016637         1.6189926563         0.0009586676
              781.8800        497.7600        3.1415943427         0.0000016891         1.6189926482         0.0009586595
              567.1200        361.0400        3.1415909595         0.0000016941         1.6189937266         0.0009597378
              283.5600        180.5200        3.1415909595         0.0000016941         1.6189937266         0.0009597378
              850.6800        541.5600        3.1415909594         0.0000016941         1.6189937266         0.0009597378
              767.6800        488.7200        3.1415943690         0.0000017154         1.6189926399         0.0009586511
              383.8400        244.3600        3.1415943690         0.0000017154         1.6189926399         0.0009586511
              836.4800        532.5200        3.1415909262         0.0000017274         1.6189937372         0.0009597484
              753.4800        479.6800        3.1415943963         0.0000017427         1.6189926312         0.0009586424
              552.9200        352.0000        3.1415909091         0.0000017445         1.6189937426         0.0009597539
              822.2800        523.4800        3.1415908917         0.0000017619         1.6189937482         0.0009597594
              739.2800        470.6400        3.1415944246         0.0000017710         1.6189926221         0.0009586334
              369.6400        235.3200        3.1415944246         0.0000017710         1.6189926221         0.0009586334
              538.7200        342.9600        3.1415908561         0.0000017975         1.6189937595         0.0009597708
              269.3600        171.4800        3.1415908561         0.0000017975         1.6189937595         0.0009597708
              808.0800        514.4400        3.1415908561         0.0000017975         1.6189937595         0.0009597708
              725.0800        461.6000        3.1415944541         0.0000018005         1.6189926127         0.0009586240
              710.8800        452.5600        3.1415944847         0.0000018311         1.6189926030         0.0009586142
              355.4400        226.2800        3.1415944847         0.0000018311         1.6189926030         0.0009586142
              793.8800        505.4000        3.1415908192         0.0000018344         1.6189937713         0.0009597826
              524.5200        333.9200        3.1415908002         0.0000018534         1.6189937773         0.0009597886
              696.6800        443.5200        3.1415945166         0.0000018630         1.6189925928         0.0009586041
              779.6800        496.3600        3.1415907809         0.0000018727         1.6189937835         0.0009597947
              682.4800        434.4800        3.1415945498         0.0000018962         1.6189925822         0.0009585935
              341.2400        217.2400        3.1415945498         0.0000018962         1.6189925822         0.0009585935
              510.3200        324.8800        3.1415907412         0.0000019124         1.6189937961         0.0009598074
              255.1600        162.4400        3.1415907412         0.0000019124         1.6189937961         0.0009598074
              765.4800        487.3200        3.1415907412         0.0000019124         1.6189937961         0.0009598074
              668.2800        425.4400        3.1415945844         0.0000019308         1.6189925712         0.0009585824
              995.3200        633.6400        3.1415945963         0.0000019427         1.6189925674         0.0009585787
              751.2800        478.2800        3.1415907000         0.0000019536         1.6189938093         0.0009598205
              981.1200        624.6000        3.1415946206         0.0000019670         1.6189925597         0.0009585709
              654.0800        416.4000        3.1415946206         0.0000019670         1.6189925597         0.0009585709
              327.0400        208.2000        3.1415946206         0.0000019670         1.6189925597         0.0009585709
              496.1200        315.8400        3.1415906788         0.0000019748         1.6189938160         0.0009598273
              992.2400        631.6800        3.1415906788         0.0000019748         1.6189938160         0.0009598273
              966.9200        615.5600        3.1415946455         0.0000019919         1.6189925517         0.0009585630
              737.0800        469.2400        3.1415906572         0.0000019964         1.6189938229         0.0009598342